# This file may be used to create an environment using:
# $ conda create --name <env> --file <this file>
# platform: linux-64
abricate=0.4=pl5.22.0_0
aragorn=1.2.36=1
barrnap=0.7=3
bcftools=1.4.1=0
blast=2.6.0=boost1.61_0
boost=1.61.0=py27_0
bzip2=1.0.6=3
cairo=1.14.8=0
curl=7.52.1=0
cycler=0.10.0=py27_0
dbus=1.10.10=0
dendropy=4.2.0=py27_0
expat=2.1.0=0
fontconfig=2.12.1=3
freetype=2.5.5=2
functools32=3.2.3.2=py27_0
glib=2.50.2=1
gst-plugins-base=1.8.0=0
gstreamer=1.8.0=0
hmmer=3.1b2=2
htslib=1.4.1=0
icu=54.1=0
infernal=1.1.2=0
java-jdk=8.0.92=1
jellyfish=1.1.11=1
joblib=0.9.3=py27_0
jpeg=9b=0
kraken=0.10.6_eaf8fb68=pl5.22.0_4
krona=2.7=pl5.22.0_1
libffi=3.2.1=1
libgcc=5.2.0=0
libgfortran=3.0.0=1
libiconv=1.14=0
libpng=1.6.27=0
libxcb=1.12=1
libxml2=2.9.4=0
matplotlib=2.0.2=np112py27_0
minced=0.2.0=0
mkl=2017.0.1=0
mlst=2.9=pl5.22.0_0
numpy=1.12.1=py27_0
openssl=1.0.2k=2
parallel=20170422=pl5.22.0_0
pcre=8.39=1
perl=5.22.0.1=0
perl-bioperl=1.6.924=4
perl-class-method-modifiers=2.11=1
perl-devel-globaldestruction=0.13=1
perl-digest-hmac=1.03=pl5.22.0_1
perl-encode-locale=1.05=pl5.22.0_4
perl-exporter-tiny=0.042=1
perl-file-listing=6.04=0
perl-file-slurp=9999.19=0
perl-html-parser=3.72=pl5.22.0_1
perl-html-tagset=3.20=pl5.22.0_1
perl-http-cookies=6.01=0
perl-http-daemon=6.01=0
perl-http-date=6.02=pl5.22.0_1
perl-http-message=6.11=0
perl-http-negotiate=6.01=0
perl-io-html=1.001=pl5.22.0_1
perl-io-socket-ssl=2.024=0
perl-libwww-perl=6.15=0
perl-list-moreutils=0.413=1
perl-lwp-mediatypes=6.02=pl5.22.0_1
perl-module-runtime=0.014=1
perl-moo=2.001000=1
perl-net-http=6.09=0
perl-net-ssleay=1.74=0
perl-ntlm=1.09=1
perl-role-tiny=2.000001=1
perl-sub-exporter-progressive=0.001011=1
perl-text-csv=1.33=0
perl-threaded=5.22.0=pl5.22.0_12
perl-uri=1.71=0
perl-www-robotrules=6.02=0
perl-xml-namespacesupport=1.11=0
perl-xml-parser=2.44=4
perl-xml-sax=0.99=0
perl-xml-sax-base=1.08=0
perl-xml-sax-expat=0.51=0
perl-xml-simple=2.22=0
perl-yaml=1.18=0
pip=9.0.1=py27_1
pixman=0.34.0=0
prodigal=2.6.3=0
prokka=1.12=1
pycairo=1.10.0=py27_0
pyparsing=2.1.4=py27_0
pyqt=5.6.0=py27_2
pysam=0.11.2.1=py27_0
python=2.7.13=0
python-dateutil=2.6.0=py27_0
pytz=2017.2=py27_0
qt=5.6.2=4
quast=4.4=boost1.61_1
readline=6.2=2
samtools=1.4.1=0
scipy=0.19.0=np112py27_0
screamingbackpack=0.2.333=py27_0
seqtk=1.2=0
setuptools=27.2.0=py27_0
simplejson=3.8.1=py27_0
sip=4.18=py27_0
six=1.10.0=py27_0
spades=3.6.2=0
sqlite=3.13.0=0
subprocess32=3.2.7=py27_0
tbl2asn=25.3=0
tk=8.5.18=0
wheel=0.29.0=py27_0
xz=5.2.2=1
zlib=1.2.8=3
